local WindUI = loadstring(game:HttpGet("https://raw.githubusercontent.com/Footagesus/WindUI/main/dist/main.lua"))()

local Localization = WindUI:Localization({
    Enabled = true,
    Prefix = "loc:",
    DefaultLanguage = "en",
    Translations = {
        ["en"] = {
            ["WINDUI_EXAMPLE"] = "WindUI Example",
            ["WELCOME"] = "Welcome to WindUI!",
            ["LIB_DESC"] = "Beautiful UI library for Roblox",
            ["SETTINGS"] = "Settings",
            ["APPEARANCE"] = "Appearance",
            ["FEATURES"] = "Features",
            ["UTILITIES"] = "Utilities",
            ["UI_ELEMENTS"] = "UI Elements",
            ["CONFIGURATION"] = "Configuration",
            ["SAVE_CONFIG"] = "Save Configuration",
            ["LOAD_CONFIG"] = "Load Configuration",
            ["THEME_SELECT"] = "Select Theme",
            ["TRANSPARENCY"] = "Window Transparency",
            ["LOCKED_TAB"] = "Locked Tab"
        }
    }
})

WindUI.TransparencyValue = 0.2
WindUI:SetTheme("Dark")

local function gradient(text, startColor, endColor)
    local result = ""
    for i = 1, #text do
        local t = (i - 1) / (#text - 1)
        local r = math.floor((startColor.R + (endColor.R - startColor.R) * t) * 255)
        local g = math.floor((startColor.G + (endColor.G - startColor.G) * t) * 255)
        local b = math.floor((startColor.B + (endColor.B - startColor.B) * t) * 255)
        result = result .. string.format('<font color="rgb(%d,%d,%d)">%s</font>', r, g, b, text:sub(i, i))
    end
    return result
end


-- Ambil nama player
local player = game.Players.LocalPlayer
local playerName = player.Name
local playerDisplayName = player.DisplayName

-- Buat Window versi baru
local Window = WindUI:CreateWindow({
    Title = "Nexa - Premium",
    Icon = "rbxassetid://107488593993096",
    Author = "Fisch Script | @ Han",
    Folder = "Hanzo",
    Size = UDim2.fromOffset(540, 420),
    Transparent = true,
    Theme = "Dark",
    
    HidePanelBackground = true,
    NewElements = false,

    User = {
        Enabled = true,
        Anonymous = false,           -- false biar muncul nama asli
        Name = playerDisplayName,    -- Nama tampilan
        UserName = "@" .. playerName, -- Username Roblox
        Callback = function()
            WindUI:Notify({
                Title = "User Profile",
                Content = "User profile clicked!",
                Duration = 3
            })
        end
    },
    
    Acrylic = false,
    HideSearchBar = false,
    SideBarWidth = 200,
})

Window:Tag({
    Title = "v1.2.2",
    Color = Color3.fromHex("#30ff6a")
})


Window:EditOpenButton({
    Enabled = false
})

WindUI:Notify({
    Title = "Game Supported",
    Content = "Dig 🔴, 99 Nights in the Forest 🔴, Fish It 🟢, Grow A Garden 🔴",
    Icon = "gamepad",
    Duration = 6
})

task.delay(6.5, function()
    WindUI:Notify({
        Title = "Bug Report",
        Content = "If there are any errors, please let the developer know. Join Discord to report bugs.",
        Icon = "cloud-alert",
        Duration = 6
    })
end)

task.delay(13, function()
    WindUI:Notify({
        Title = "Purchase",
        Content = "If you want to buy this premium script key, join Discord to buy premium.",
        Icon = "shopping-cart",
        Duration = 6
    })
end)

-- ✅ Tab dan UI
local Tabs = {
    Home = Window:Tab({ Title = "Home", Icon = "house"  }),
    Active = Window:Tab({ Title = "Active", Icon = "info"  }),
    Farm = Window:Tab({ Title = "Farm", Icon = "fish"  }),
    Shop = Window:Tab({ Title = "Shop", Icon = "shopping-cart"  })
}

Tabs.Home:Section({ Title = "Update" })

Tabs.Home:Divider()

Tabs.Home:Paragraph({
    Title = "Here's what's new:",
    Desc = [[
[+] Added Anti Lava
[/] Improve Auto Fish v2
[/] Rework Teleport Event & Status Ecent
[-] Delete Tab Visual
[/] Move Visual To Player Tab Place
    ]]
})

Tabs.Home:Section({ Title = "Server" })

Tabs.Home:Paragraph({
    Title = "Discord - Nexa | COMMUNITY",
    Desc = "Indonesia 🇮🇩",
    Image = "https://images-eds-ssl.xboxlive.com/image?url=4rt9.lXDC4H_93laV1_eHHFT949fUipzkiFOBH3fAiZZUCdYojwUyX2aTonS1aIwMrx6NUIsHfUHSLzjGJFxxsG72wAo9EWJR4yQWyJJaDaK1XdUso6cUMpI9hAdPUU_FNs11cY1X284vsHrnWtRw7oqRpN1m9YAg21d_aNKnIo-&format=source",
    ImageSize = 20,
    Color = "Grey",
    Buttons = {
        {
            Title = "Copy Link",
            Icon = "copy",
            Variant = "Tertiary",
            Callback = function()
                setclipboard("discord.gg/ECxQFc97F5")
                WindUI:Notify({
                    Title = "Copied!",
                    Content = "Discord link copied to clipboard",
                    Duration = 2
                })
            end
        }
    }
})

Tabs.Active:Section({ Title = "Status" })

Tabs.Farm:Section({ Title = "Fishing" })

-- AUTO CAST
local player = game:GetService("Players").LocalPlayer
local character = player.Character or player.CharacterAdded:Wait()

-- Fungsi untuk mencari tool yang mengandung "Rod"
local function getRod()
    for _, tool in pairs(character:GetChildren()) do
        if tool:IsA("Tool") and string.find(tool.Name, "Rod") then
            return tool
        end
    end
    return nil
end

-- Argumen cast
local castArg1 = 76.59999999999998 -- default Slow
local castArg2 = 1

-- Variable untuk kontrol loop
local autoCastEnabled = false

-- Dropdown untuk pilih mode
Tabs.Farm:Dropdown({ 
    Title = "Select Mode Bobber", 
    Values = { "Fast", "Slow" },
    Value = "Slow",
    Callback = function(option)
        if option == "Fast" then
            castArg1 = 1
        end

        if option == "Slow" then
            castArg1 = 76.59999999999998
        end
    end
})

-- Toggle Auto Cast
Tabs.Farm:Toggle({ 
    Title = "Auto Cast", 
    Value = false,
    Callback = function(state)
        autoCastEnabled = state
        
        spawn(function()
            while autoCastEnabled do
                local rod = getRod()
                if rod then
                    local castEvent = rod:WaitForChild("events"):WaitForChild("cast")
                    castEvent:FireServer(castArg1, castArg2)
                else
                    autoCastEnabled = false
                    break
                end
                wait(0.01) -- jeda, bisa diubah sesuai kebutuhan
            end
        end)
    end
})

- AUTO SHAKE
-- // Variable
local AutoShake = false

-- // Toggle WindUI
Tabs.Farm:Toggle({
    Title = "Auto Shake",
    Value = false,
    Callback = function(state)
        AutoShake = state
    end
})

-- // Services
local Players = game:GetService("Players")
local LocalPlayer = Players.LocalPlayer

-- // Shake Function
local function DoShake()
    local gui = LocalPlayer:WaitForChild("PlayerGui")
    local shakeui = gui:FindFirstChild("shakeui")
    if shakeui then
        local safezone = shakeui:FindFirstChild("safezone")
        if safezone then
            local button = safezone:FindFirstChild("button")
            if button and button:FindFirstChild("shake") then
                button.shake:FireServer()
            end
        end
    end
end

-- // Loop
task.spawn(function()
    while true do
        task.wait(0.01)
        if AutoShake then
            pcall(DoShake)
        end
    end
end)

-- AUTO REEL
-- // Services
local ReplicatedStorage = game:GetService("ReplicatedStorage")
local RunService = game:GetService("RunService")

-- // Variables
local AutoReel = false
local args = {100, false}
local reelEvent = ReplicatedStorage:WaitForChild("events"):WaitForChild("reelfinished")

-- // WindUI Toggle
Tabs.Farm:Toggle({ 
    Title = "Auto Reel", 
    Value = false,
    Callback = function(state)
        AutoReel = state
    end
})

-- // Loop Auto Reel
spawn(function()
    while true do
        if AutoReel then
            reelEvent:FireServer(unpack(args))
        end
        wait(0.01) -- jeda antar cast, bisa diubah sesuai kebutuhan
    end
end)

-- EQUIP ROD
Tabs.Farm:Toggle({
    Title = "Auto Equip Rod",
    Value = false,
    Callback = function(state)
        if state then
            -- Aktifkan auto equip
            getgenv().AutoEquipRod = true
            task.spawn(function()
                while getgenv().AutoEquipRod and task.wait(1) do
                    local player = game.Players.LocalPlayer
                    local backpack = player:WaitForChild("Backpack")

                    -- Cek apakah sudah pegang rod
                    local hasRodEquipped = false
                    if player.Character then
                        for _, tool in ipairs(player.Character:GetChildren()) do
                            if tool:IsA("Tool") and string.find(tool.Name, "Rod") then
                                hasRodEquipped = true
                                break
                            end
                        end
                    end

                    -- Kalau belum pegang, cek Backpack dan equip
                    if not hasRodEquipped then
                        for _, tool in ipairs(backpack:GetChildren()) do
                            if tool:IsA("Tool") and string.find(tool.Name, "Rod") then
                                player.Character.Humanoid:EquipTool(tool)
                                break
                            end
                        end
                    end
                end
            end)
        else
            -- Matikan auto equip
            getgenv().AutoEquipRod = false
        end
    end
})

-- ==========================================================
-- Equip rod select
-- ==========================================================

local equipRods = {
    "Flimsy Rod","Fischer's Rod","Training Rod","Plastic Rod","Carbon Rod","Fast Rod","Lucky Rod","Long Rod","Stone Rod",
    "Rose Rend","Scarlet Ravager","Experimental Rod","Magma Rod","Fungal Rod","Steady Rod","Fortune Rod","Rapid Rod","Magnet Rod","Nocturnal Rod",
    "Precision Rod","Wildflower Rod","Reinforced Rod","Arctic Rod","Avalanche Rod","Phoenix Rod","Scurvy Rod","Midas Rod","Crystalized Rod","Depthseeker Rod",
    "Aurora Rod","Mythical Rod","Kings Rod","Ice Warpers Rod","Brick Rod","Champions Rod","Friendly Rod","Carrot Rod","Wisdom Rod","Trident Rod",
    "Summit Rod","Resourceful Rod","Volcanic Rod","Voyager Rod","Riptide Rod","Seasons Rod","Rainbow Cluster Rod","Great Dreamer Rod","Sunken Rod","Auric Rod",
    "Rod Of The Depths","Rod Of The Exalted One","Destiny Rod","Abyssal Specter Rod","The Lost Rod","The Boom Ball","Frostbane Rod","Scarlet Spincaster Rod","Heaven's Rod","No-Life Rod",
    "Zeus Rod","Tempest Rod","Kraken Rod","Poseidon Rod","Leviathan's Fang Rod","Challenger's Rod","Great Rod of Oscar","Luminescent Oath","Celestial Rod","Rod Of The Eternal King",
    "Rod Of The Forgotten Fang","Duskwire","Evil Pitchfork","Cerulean Fang Rod","Wicked Fang Rod","Ethereal Prism Rod","Rod Of The Zenith","Seraphic Rod","Spiritbinder","Onirifalx",
    "Ruinous Oath","Tryhard Rod","Haunted Rod","Relic Rod","Antler Rod","North-Star Rod","Candy Cane Rod","Krampus's Rod","Frost Warden Rod","Fischmas Rod",
    "Frostfire Rod","Firework Rod","Shamrock Rod","Egg Rod","Brick Built Rod","Superstar Rod","Mission Specialist's Rod","Paleontologist's Rod","Fixer's Rod","Smurf Rod",
    "Popsicle Rod","Tidal Wave Rod","Paper Fan Rod","Rod of the Cosmos","Buddy Bond Rod","Astral Rod","Event Horizon Rod","Rod Of Time","Patriot Rod","Fang of the Eclipse",
    "Astralhook Rod","Fallen Snowblade","Wingripper","Sovereign Doombringer","Clickbait Caster","View Smasher","Fish Photographer","Paintbrush","nilCaster","Pen Rod"
}

-- Variabel untuk simpan rod yang dipilih
local selectedRod = ""

-- Dropdown untuk pilih rod
Tabs.Farm:Dropdown({ 
    Title = "Select Rod", 
    Values = equipRods, 
    Value = "",
    Callback = function(option) 
        selectedRod = option
        WindUI:Notify({
            Title = "Rod Selected",
            Content = "You selected: " .. option,
            Duration = 4,
        })
    end
})

-- Tombol untuk equip rod yang dipilih
Tabs.Farm:Button({
    Title = "Equip Selected Rod",
    Callback = function()
        if selectedRod ~= "" then
            local args = { selectedRod }
            game:GetService("ReplicatedStorage"):WaitForChild("packages"):WaitForChild("Net"):WaitForChild("RE/Rod/Equip"):FireServer(unpack(args))

            WindUI:Notify({
                Title = "Rod Equipped",
                Content = "Equipped: " .. selectedRod,
                Duration = 5,
            })
        else
            WindUI:Notify({
                Title = "No Rod Selected",
                Content = "Please select a rod first!",
                Duration = 5,
            })
        end
    end
})

Tabs.Farm:Section({ Title = "Sell" })

-- ==========================================================
-- Sell
-- ==========================================================

-- // Variables
local AutoSell = false
local SellDelay = 2 -- default 2 seconds

-- // Input WindUI
Tabs.Farm:Input({
    Title = "Set Sell Delay",
    Value = "2", -- default shown as 2
    Placeholder = "Enter delay in seconds",
    Callback = function(input)
        local num = tonumber(input)
        if num and num > 0 then
            SellDelay = num
        else
            SellDelay = 2 -- fallback if invalid input
        end
    end
})

-- // Toggle WindUI (below input)
Tabs.Farm:Toggle({
    Title = "Auto Sell",
    Value = false,
    Callback = function(state)
        AutoSell = state
    end
})

-- // Services
local ReplicatedStorage = game:GetService("ReplicatedStorage")
local Events = ReplicatedStorage:WaitForChild("events")

-- // NPC Reference
local npc = workspace:WaitForChild("world"):WaitForChild("npcs"):WaitForChild("Marc Merchant")
local idle = npc:WaitForChild("description"):WaitForChild("idle")

-- // Auto Sell Loop
task.spawn(function()
    while task.wait() do
        if AutoSell then
            local args = {
                {
                    voice = 12,
                    npc = npc,
                    idle = idle
                }
            }
            Events:WaitForChild("SellAll"):InvokeServer(unpack(args))
            task.wait(SellDelay) -- delay from input
        end
    end
end)

Tabs.Shop:Section({ Title = "Crate" })

-- ==========================================================
-- Buy Crate
-- ==========================================================

-- Variables
local crateAmount = 1 -- default amount
local selectedCrate = "Bait Crate" -- default crate
local AutoBuy = false

-- Dropdown to select crate
Tabs.Shop:Dropdown({ 
    Title = "Select Crate", 
    Values = { "Bait Crate", "Quality Bait Crate" }, 
    Value = selectedCrate, 
    Callback = function(option) 
        selectedCrate = option
    end
})

-- Input to set crate amount
Tabs.Shop:Input({ 
    Title = "Crate Amount", 
    Value = tostring(crateAmount), 
    Placeholder = "Enter crate amount", 
    Callback = function(input)
        local number = tonumber(input)
        if number and number > 0 then
            crateAmount = number
        else
            crateAmount = 1 -- fallback if input is invalid
        end
    end
})

-- Toggle Auto Buy
Tabs.Shop:Toggle({
    Title = "Auto Buy Crate",
    Value = false,
    Callback = function(state)
        AutoBuy = state
    end
})

-- Services
local ReplicatedStorage = game:GetService("ReplicatedStorage")
local purchaseEvent = ReplicatedStorage:WaitForChild("events"):WaitForChild("purchase")

-- Auto Buy loop
spawn(function()
    while true do
        wait(1)
        if AutoBuy then
            local args = {
                selectedCrate, -- crate from dropdown
                "Fish",        -- currency
                [4] = crateAmount -- amount from input
            }
            purchaseEvent:FireServer(unpack(args))
        end
    end
end)

Tabs.Shop:Section({ Title = "Rod" })

-- ==========================================================
-- Buy Rod
-- ==========================================================

local purchase = game:GetService("ReplicatedStorage"):WaitForChild("events"):WaitForChild("purchase")

-- === List Semua Rod ===
local availableRods = {
   "Flimsy Rod","Training Rod","Plastic Rod","Carbon Rod","Fast Rod","Lucky Rod","Long Rod","Stone Rod","Steady Rod","Fortune Rod","Rapid Rod","Magnet Rod",
   "Nocturnal Rod","Precision Rod","Wildflower Rod","Reinforced Rod","Arctic Rod","Avalanche Rod","Phoenix Rod","Scurvy Rod","Midas Rod","Crystalized Rod","Depthseeker Rod","Aurora Rod","Mythical Rod",
   "Kings Rod","Ice Warpers Rod","Brick Rod","Champions Rod","Carrot Rod","Wisdom Rod","Trident Rod","Summit Rod","Resourceful Rod","Volcanic Rod","Voyager Rod","Riptide Rod","Seasons Rod","Rainbow Cluster Rod",
   "Great Dreamer Rod","Destiny Rod","The Lost Rod","Frostbane Rod","Scarlet Spincaster Rod","Heaven's Rod","Zeus Rod","Tempest Rod","Kraken Rod","Poseidon Rod","Leviathan's Fang Rod","Challenger's Rod","Great Rod of Oscar",
   "Luminescent Oath","Celestial Rod","Rod Of The Eternal King","Rod Of The Forgotten Fang","Evil Pitchfork","Cerulean Fang Rod","Wicked Fang Rod","Ethereal Prism Rod","Rod Of The Zenith","Spiritbinder","Ruinous Oath","Tryhard Rod"
}

-- === Variabel Pilihan User ===
local chosenRods = {}

-- === Dropdown: pilih rods (multi) ===
Tabs.Shop:Dropdown({
    Title = "Select Rods",
    Values = availableRods,
    SearchBarEnabled = true,
    Value = {},
    Multi = true,
    AllowNone = true,
    Callback = function(option)
        chosenRods = option or {}
    end
})

-- === Button: beli rods yang dipilih ===
Tabs.Shop:Button({
    Title = "Buy Selected Rods",
    Callback = function()
        if not chosenRods or #chosenRods == 0 then
            WindUI:Notify({
                Title = "Warning",
                Content = "No rods selected. Choose at least one rod first.",
                Duration = 4,
            })
            return
        end

        local category = "Rod"
        local qty = 1
        local delayBetween = 0.5

        for _, rodName in ipairs(chosenRods) do
            local args = { rodName, category }
            args[4] = qty

            pcall(function()
                purchase:FireServer(unpack(args))
            end)

            task.wait(delayBetween)
        end

        WindUI:Notify({
            Title = "Purchase",
            Content = "Purchase completed for selected rods.",
            Duration = 4,
        })
    end
})


-- List lokasi teleport
local teleportLocations = {
    ["Ancient Archives"] = Vector3.new(-3156.37451, -745.713989, 1683.13574, -0.860117316, 1.84150082e-08, -0.510096252, 2.10384705e-08, 1, 6.26265706e-10, 0.510096252, -1.01929825e-08, -0.860117316),
    ["Ancient Isle"] = Vector3.new(6057.07421875, 195.280153671875, 277.1485900878906 CFrame: 6057.07422, 195.280151, 277.14859, 0.18684645, 2.1313635e-08, 0.982389152, -6.77808432e-08, 1, -8.78668072e-09, -0.982389152, -6.50338237e-08, 0.18684645),
    ["Ancient Isle 1"] = Vector3.new(-3155.02222, -750.667847, 2193.13696, 1, 0, 0, 0, 1, 0, 0, 0, 1),
    ["Ancient Isle 2"] = Vector3.new(5948.79053, 157.230042, 482.23584, 0.764405072, 0, 0.644736409, 0, 1, 0, -0.644736409, 0, 0.764405072),
    ["Atlantis"] = Vector3.new(-4265.13086, -602.574585, 1830.80737, -0.998844504, 0, -0.0480674766, 0, 1, 0, 0.0480674766, 0, -0.998844504),
    ["Blue Moon Pool"] = Vector3.new(2743.1582, 131.499985, 2514.72388, 0.249071687, 8.3022293e-08, 0.968485057, -6.24669099e-08, 1, -6.96588458e-08, -0.968485057, -3.1482192e-08, 0.249071687),
    ["Carrot Garden"] = Vector3.new(3716.6062, -1130.4895, -1078.50793, 0.657635927, -0.000371464179, 0.753335834, -5.71158016e-05, 0.999999821, 0.000542952563, -0.753335953, -0.00040009254, 0.657635808),
    ["Crystal Cove"] = Vector3.new(1350.14526, -604.872681, 2329.95679, -0.408572346, -2.40111309e-08, -0.912725925, 3.4419484e-08, 1, -4.17144292e-08, 0.912725925, -4.84586131e-08, -0.408572346),
    ["Desolate Deep"] = Vector3.new(-1654.96729, -213.520996, -2845.95215, -1, 0, 0, 0, 1, 0, 0, 0, -1),
    ["Forsaken Shores"] = Vector3.new(-2573.6189, 145.750015, 1587.65393, 0.356420547, -6.3444922e-08, -0.934325635, 3.09142578e-08, 1, -5.6111538e-08, 0.934325635, -8.88467877e-09, 0.356420547),
    ["Grand Reef"] = Vector3.new(-3565.76709, 154.360611, 535.246521, -0.457844615, 0, -0.889032245, 0, 1, 0, 0.889032245, 0, -0.457844615),
    ["Moosewood"] = Vector3.new(436.368713, 154, 247.310532, 0.12572813, 0, 0.992064714, 0, 1, 0, -0.992064714, 0, 0.12572813),
    ["Mushgrove Swamp"] = Vector3.new(2662.08105, 397.321472, -728.827026, 1, 0, 0, 0, 1, 0, 0, 0, 1),
    ["Northern Expedition"] = Vector3.new(19526.9629, 140.240601, 5292.56592, -0.457844615, 0, -0.889032245, 0, 1, 0, 0.889032245, 0, -0.457844615),
    ["Podium 1"] = Vector3.new(-3463.94727, -2254.81885, 3832.91699, -0.431924105, 0, 0.901909947, 0, 1, 0, -0.901909947, 0, -0.431924105),
    ["Podium 2"] = Vector3.new(-825.645203, -3269.98804, -709.761169, 0.781674981, 0, 0.623686016, 0, 1, 0, -0.623686016, 0, 0.781674981),
    ["Podium 3"] = Vector3.new(-13488.2939, -11053.1875, 134.38797, -0.27474618, 0.0107955653, -0.96145618, -0.00500683859, 0.999907374, 0.0126580652, 0.961503744, 0.00829161145, -0.274666667),
    ["Podium 4"] = Vector3.new(-4333.00537, -11185.5732, 3196.40845, 0, 0, -1, 0, 1, 0, 1, 0, 0),
    ["Roslit Bay"] = Vector3.new(-1597.0321, 134.780853, 604.949524, 0.394952327, 8.52962927e-08, -0.918701589, -4.72752115e-10, 1, 9.26411516e-08, 0.918701589, -3.61545212e-08, 0.394952327),
    ["Roslit Volcano"] = Vector3.new(-1888.52319, 163.847565, 329.238281, 1, 0, 0, 0, 1, 0, 0, 0, 1),
    ["Snowcap Island"] = Vector3.new(2628.69263, 142.099411, 2510.4458, -0.159515828, 3.14032782e-08, 0.987195373, -1.86964317e-09, 1, -3.2127409e-08, -0.987195373, -6.96839075e-09, -0.159515828),
    ["Statue of Sovereignty"] = Vector3.new(32.7750549, 144.493347, -1020.3197, -0.866953373, 2.6253506e-08, -0.498389244, 4.85347975e-08, 1, 3.1570807e-08, 0.498389244, -5.17150696e-08, -0.866953373),
    ["Sunstone Island"] = Vector3.new(-1046.80713, 134.239044, -1142.7168, 0.129344821, 5.11642035e-08, -0.991599679, 3.86840648e-09, 1, 5.21022378e-08, 0.991599679, -1.05750653e-08, 0.129344821),
    ["Terrapin Island"] = Vector3.new(-207.215851, 142.213226, 1953.05188, -0.414013892, -1.23624488e-07, 0.910270572, -8.38610177e-08, 1, 9.76668118e-08, -0.910270572, -3.59000545e-08, -0.414013892),
    ["The Depths"] = Vector3.new(947.417114, -711.63031, 1259.66516, 0.259314388, -8.87096352e-09, 0.965792954, 2.04304911e-08, 1, 3.69959574e-09, -0.965792954, 1.87722655e-08, 0.259314388),
    ["Vertigo"] = Vector3.new(-112.007278, -492.901093, 1040.32788, -1, 0, 0, 0, 1, 0, 0, 0, -1),
    ["Volcanic Vents"] = Vector3.new(-3421.24292, -2261.84131, 3839.80054, -0.993602812, -8.73249064e-08, -0.11293108, -7.97883573e-08, 1, -7.1255561e-08, 0.11293108, -6.17891374e-08, -0.993602812),
}

local selectedLocation = nil

-- Ambil keys dari teleportLocations sebagai values
local locationNames = {}
for name, _ in pairs(teleportLocations) do
    table.insert(locationNames, name)
end

Tabs.Teleport:Dropdown({
    Title = "Select Location",
    Values = locationNames,
    Value = locationNames[1],
    Callback = function(option)
        selectedLocation = option
    end
})

Tabs.Teleport:Button({
    Title = "Teleport",
    Callback = function()
        local player = game.Players.LocalPlayer
        local character = player.Character or player.CharacterAdded:Wait()
        if selectedLocation and teleportLocations[selectedLocation] then
            character.HumanoidRootPart.CFrame = CFrame.new(teleportLocations[selectedLocation])
            WindUI:Notify({
                Title = "Teleport",
                Content = "Teleported to " .. selectedLocation,
                Duration = 5,
            })
        else
            WindUI:Notify({
                Title = "Teleport",
                Content = "Please select a valid location!",
                Duration = 5,
            })
        end
    end
})
