local WindUI = loadstring(game:HttpGet("https://github.com/Footagesus/WindUI/releases/latest/download/main.lua"))()
loadstring(game:HttpGet("https://raw.githubusercontent.com/xwvufdwgqudwyfwdvwedyuvwd/gbewufbeufbeugfvr/refs/heads/main/ggegrhrhhr%20Info%20Fish%20Mythic"))()

local workspace = workspace
local Players = game:GetService("Players")
local player = Players.LocalPlayer
local character = player.Character or player.CharacterAdded:Wait()
local hrp = character:WaitForChild("HumanoidRootPart")
local ReplicatedStorage = game:GetService("ReplicatedStorage")
local RunService = game:GetService("RunService")
local LocalPlayer = player -- alias supaya sama dengan LocalPlayer
local MenuRings = workspace["!!! MENU RINGS"]
local PlayerGui = player:WaitForChild("PlayerGui")

local GameData = {

   -- ================== [Codes] ==================

    Codes = {
        "1BILLION",
        "LUCKYTOTEM",
        "EXPANSION",
        "CRYSTALS"
    },


   -- ================== [Auto Trade] ==================

	TierMap001 = {
		[1] = "Common",
		[2] = "Uncommon",
		[3] = "Rare",
		[4] = "Epic",
		[5] = "Legendary",
		[6] = "Mythic",
		[7] = "SECRET"
	},

	TierList001 = {
		"Common", "Uncommon", "Rare", "Epic", "Legendary", "Mythic", "SECRET"
	},

	-----------------------------------------------------
	-- CORE SERVICES
	-----------------------------------------------------
	ReplicatedStorage = game:GetService("ReplicatedStorage"),
	Players = game:GetService("Players"),
	HttpService = game:GetService("HttpService"),

	player = game:GetService("Players").LocalPlayer,

	Net = require(game:GetService("ReplicatedStorage").Packages.Net),
	ReplionClient = require(game:GetService("ReplicatedStorage").Packages.Replion).Client,
	DataReplion = nil,

	ItemUtility = require(game:GetService("ReplicatedStorage").Shared.ItemUtility),

	TradeRemote = game:GetService("ReplicatedStorage")
		:WaitForChild("Packages")
		:WaitForChild("_Index")
		:WaitForChild("sleitnick_net@0.2.0")
		:WaitForChild("net")
		:WaitForChild("RF/InitiateTrade"),

	ItemsFolder = game:GetService("ReplicatedStorage"):WaitForChild("Items"),

	-----------------------------------------------------
	-- STATE
	-----------------------------------------------------
	state = {
		selectedTiers = { "Common" },
		Auto2Trade = false,
		stopTrade = false,
		targetPlayer = "",
		fishTarget = 0,
		fishCount = 0,
		
		-- Fitur tambahan
		selectedFish = {},
		useFishFilter = false
	},

	TierList = nil,
	nameToTier = {},

	notifGui = nil,
	notifFrame = nil,

	PlayerMap = {},

	PlayerDropdown = nil,

    -- ==================[Jenis Ikan v1]==================

        TierMap = {
        [1] = "Common",
        [2] = "Uncommon",
        [3] = "Rare",
        [4] = "Epic",
        [5] = "Legendary",
        [6] = "Mythic",
        [7] = "SECRET"
    },

    TierList = { "Common","Uncommon","Rare","Epic","Legendary","Mythic","SECRET" },

    FishCounter = {
        Common = 0,
        Uncommon = 0,
        Rare = 0,
        Epic = 0,
        Legendary = 0,
        Mythic = 0,
        SECRET = 0
    },

    -- ==================[Jenis Ikan v2]==================
        -- WEBHOOK
    WebhookURL = "",
    WebhookActive = false,
    SelectedTiers = {},
    TierList = {"All","Common","Uncommon","Rare","Epic","Legendary","Mythic","SECRET"},

    -- SERVICES
    Service = {
        Players = game:GetService("Players"),
        ReplicatedStorage = game:GetService("ReplicatedStorage"),
        HttpService = game:GetService("HttpService"),
    },

    -- EXECUTOR REQUEST
    Request = (syn and syn.request)
        or http_request
        or (fluxus and fluxus.request)
        or (krnl and request),

    -- FISHING SYSTEM DATA
    TierMap = {
        [1] = "Common",
        [2] = "Uncommon",
        [3] = "Rare",
        [4] = "Epic",
        [5] = "Legendary",
        [6] = "Mythic",
        [7] = "SECRET"
    },

    FishCounter = {
        Common = 0,
        Uncommon = 0,
        Rare = 0,
        Epic = 0,
        Legendary = 0,
        Mythic = 0,
        SECRET = 0
    },

    TierColor = {
        Common = 3092790,
        Uncommon = 5294200,
        Rare = 2061822,
        Epic = 11730944,
        Legendary = 15844367,
        Mythic = 14423100,
        SECRET = 16711853
    },

    LastFishData = nil,

    -- RUN-TIME UI STORAGE
    UI = {},

    -- ================== [Instant Fishing] ==================

    Players = game:GetService("Players"),
    ReplicatedStorage = game:GetService("ReplicatedStorage"),

    player = game:GetService("Players").LocalPlayer,
    PlayerGui = game:GetService("Players").LocalPlayer:WaitForChild("PlayerGui"),

    package = game:GetService("ReplicatedStorage").Packages._Index["sleitnick_net@0.2.0"].net,

    miniggameArgs = {-1.233184814453125, 0.9972056628181873, 1763291794.158201},

    autoFishingEnabled = false,
    isFishing = false,

    castDelay = 1.5,
    completedDelay = 1,

    lastCatchTime = os.clock(),
    antiStuckTime = 10,

    -- ================== [Rod] ==================
    RodIDs = {
        ["Starter Rod"] = 1, ["Luck Rod"] = 79, ["Carbon Rod"] = 76,
        ["Grass Rod"] = 85, ["Demascus Rod"] = 77, ["Ice Rod"] = 78,
        ["Lucky Rod"] = 4, ["Midnight Rod"] = 80, ["Steampunk Rod"] = 6,
        ["Chrome Rod"] = 7, ["Fluorescent Rod"] = 255, ["Astral Rod"] = 5,
        ["Angler Rod"] = 168, ["Ares Rod"] = 126, ["Bamboo Rod"] = 258,
        ["Toy Rod"] = 84, ["Lava Rod"] = 2, ["Hazmat Rod"] = 256,
        ["Ghostfinn Rod"] = 169, ["Element Rod"] = 257, ["Angelic Rod"] = 124,
        ["Gold Rod"] = 8, ["Hyper Rod"] = 9
    },

    -- ================== [Bait] ==================
    BaitIDs = {
        ["Starter Bait"] = 1, ["Luck Bait"] = 2, ["Midnight Bait"] = 3,
        ["Gold Bait"] = 4, ["Hyper Bait"] = 5, ["Chroma Bait"] = 6,
        ["Dark Matter Bait"] = 8, ["Beach Ball Bait"] = 9, ["Topwater Bait"] = 10,
        ["Corrupt Bait"] = 15, ["Aether Bait"] = 16, ["Nature Bait"] = 17,
        ["Singularity Bait"] = 18, ["Royal Bait"] = 19, ["Floral Bait"] = 20
    },

    -- ================== [Boat] ==================
    BoatList = {
        ["Small Boat"] = 1, ["Kayak"] = 2, ["Jetski"] = 3, ["Highfield Boat"] = 4,
        ["Speed Boat"] = 5, ["Fishing Boat"] = 6, ["Mini Yacht"] = 14,
        ["Mini Hoverboat"] = 15, ["Hyper Boat"] = 7, ["Dinky Fishing Boat"] = 20,
        ["Aura Boat"] = 17, ["Burger Boat"] = 18, ["Mega Hovercraft"] = 19,
        ["Froen Boat"] = 11, ["Cruiser Boat"] = 13, ["Rubber Ducky"] = 16
    },

    -- ================== [Traveling Merchant] ==================

    ReplicatedStorage = game:GetService("ReplicatedStorage"),
    Replion = require(game:GetService("ReplicatedStorage").Packages.Replion),
    MarketItemData = require(game:GetService("ReplicatedStorage").Shared.MarketItemData),
    ItemUtility = require(game:GetService("ReplicatedStorage").Shared.ItemUtility),
    Merchant = nil,
    PurchaseRF = nil,
    SelectedMarketIDs = {},
    AutoPurchase = false,
    MerchantParagraph = nil,
    MerchantDropdown = nil,

    -- ================== [Weather] ==================

    Servicesv10 = {
        ReplicatedStoragev10 = game:GetService("ReplicatedStorage")
    },

    PurchaseWeatherv10 = nil,

    SelectedWeathersv10 = {},
    AutoPurchasev10 = false,

    -- ================== [Boat Shop] ==================

    Servicesv11 = {
        ReplicatedStoragev11 = game:GetService("ReplicatedStorage")
    },

    PurchaseBoatv11 = nil,
    PurchaseBoatOptionsv11 = {},

    SelectedPurchaseBoatIDv11 = nil,
    AutoBuyBoatv11 = false,

    -- ================== [Quest Ghostfinn Rod & Element Rod] ==================

    Players = game:GetService("Players"),

    LocalPlayer = nil,
    QuestList = nil,

    AutoQuest = false,
    AutoThread = nil,

    SelectedQuest = nil,

    QuestCFrame = {
        ["Element Quest"] = {
            Done = CFrame.new(
                1465.59375, -21.8705444, -640.086975,
                0.654575646, -1.02007647e-07, 0.755996525,
                1.08732081e-07, 1, 4.07862615e-08,
                -0.755996525, 5.55033779e-08, 0.654575646
            ),
            NotDone = CFrame.new(
                1514.1947, 15.4692411, -325.169708,
                -0.458554745, -6.99838267e-08, 0.888666153,
                -2.75111027e-08, 1, 6.45557208e-08,
                -0.888666153, 5.15414555e-09, -0.458554745
            )
        },

        ["Deep Sea Quest"] = {
            Done = CFrame.new(
                -3699.24292, -135.073914, -1008.78424,
                -0.972918034, 4.06628686e-08, 0.231150433,
                2.29877806e-08, 1, -7.91590224e-08,
                -0.231150433, -7.17015993e-08, -0.972918034
            ),
            NotDone = CFrame.new(
                -3621.14893, -279.07373, -1591.07593,
                0.938483, 5.50977823e-08, -0.345325381,
                -1.5321401e-08, 1, 1.1791461e-07,
                0.345325381, -1.05369992e-07, 0.938483
            )
        }
    },

    -- ================== [Status Quest Ghostfinn Rod & Element Rod] ==================

    Players = game:GetService("Players"),

    LocalPlayer = nil,
    QuestList = nil,

    ElementParagraph = nil,
    DeepSeaParagraph = nil,

    -- ================== [Auto Quest Diamond Rod] ==================

    Players = game:GetService("Players"),

    Player = nil,
    Character = nil,
    HRP = nil,

    AutoQuest = false,
    AutoThread = nil,

    QuestName = "Diamond Researcher",

    ObjectiveCFrame = {
        Obj2 = CFrame.new(
            -2925.67725, 3.24999976, 2083.38892,
            0.243188113, -5.11769471e-08, 0.969979167,
            -1.45992791e-08, 1, 5.64211291e-08,
            -0.969979167, -2.78819439e-08, 0.243188113
        ),
        Obj3 = CFrame.new(
            -2124.42578, 79.487114, 3673.15967,
            0.272527188, 7.98157416e-08, -0.96214807,
            -3.16044826e-08, 1, 7.40038502e-08,
            0.96214807, 1.02401305e-08, 0.272527188
        ),
        Obj4 = CFrame.new(
            -2551.72827, 27.9015656, 50.7129707,
            -0.512793481, -4.00187616e-08, -0.858511984,
            3.39993278e-09, 1, -4.86448926e-08,
            0.858511984, -2.78636669e-08, -0.512793481
        )
    },

    -- ================== [Progres Quest Diamond Rod] ==================

    Players = game:GetService("Players"),
    player = game:GetService("Players").LocalPlayer,

    inside = nil,
    ProgresDiamondRod = nil,

    descText = {},
    questName = "Diamond Researcher",

    -- ================== [Island] ==================
    Islands = {
    ["Kohana"] = CFrame.new(-642.243561, 16.0354481, 624.918884, 0.999580681, 0, -0.0289562326, 0, 1, 0, 0.0289562326, 0, 0.999580681),
    ["Winter Fest"] = CFrame.new(1687.93079, 6.8625145, 3309.67725, 0.96799022, -3.6394315e-08, -0.250987828, 1.06909646e-08, 1, -1.0377223e-07, 0.250987828, 9.77672059e-08, 0.96799022),
    ["Lost Isle"] = CFrame.new(-3660.07031, 26.1918774, -933.131897, -0.77232331, -7.22959044e-08, -0.635229647, -1.90984206e-08, 1, -9.05904614e-08, 0.635229647, -5.7833244e-08, -0.77232331),
    ["Isoteric Island"] = CFrame.new(2029.47913, 27.3972206, 1393.52319, 0.438848287, -3.30229497e-08, -0.89856118, 8.09404801e-08, 1, 2.55982613e-09, 0.89856118, -7.34489944e-08, 0.438848287),
    ["Crater Island"] = CFrame.new(973.268372, 7.36203814, 4879.09277, 0.99999994, -1.67766032e-08, -0.000279307278, 1.67553038e-08, 1, -7.62482344e-08, 0.000279307278, 7.62435519e-08, 0.99999994),
    ["Coral Reefs"] = CFrame.new(-3134.98511, 20.9564934, 2167.80566, 0.610140502, 5.54546098e-08, -0.792293251, -1.07331415e-08, 1, 6.17270004e-08, 0.792293251, -2.91583468e-08, 0.610140502),
    ["Kohana Volcano"] = CFrame.new(-525.122925, 24.0000591, 187.470749, 0.702778041, -1.4945584e-08, 0.711409211, 1.59372149e-09, 1, 1.18378477e-08, -0.711409211, -1.17821113e-08, 0.702778041),
    ["Fisherman Island"] = CFrame.new(33.5687256, 17.0335217, 2834.95557, 0.999833524, -8.21432367e-10, 0.0182459373, 2.40968401e-09, 1, 8.70248726e-08, -0.0182459373, 8.7054351e-08, 0.999833524),
    ["Esoteric Depths"] = CFrame.new(3152.74707, -1302.72986, 1438.05444, 0.442518562, -2.42594727e-08, -0.896759331, -8.6126515e-09, 1, 1.33023953e-08, 0.896759331, -2.15753335e-08, 0.442518562),
    ["Tropical Grove"] = CFrame.new(-2046.1554, 6.26801682, 3660.56006, -0.739083588, 1.74285066e-08, 0.673613727, -5.79817758e-08, 1, -8.94902854e-08, -0.673613727, -1.05198126e-07, -0.739083588),
    ["Treasure Room"] = CFrame.new(-3599.53491, -266.57373, -1566.98657),
    ["Weather Machine"] = CFrame.new(-1525.72632, 6.49999952, 1892.23645, 0.0615941137, 6.608282509e-10, -0.998101294, -6.8356556e-08, 1, 3.55628549e-09, 0.998101294, 6.84458072e-08, 0.0615941137),
    ["Sisyphus Statue"] = CFrame.new(-3692.22021, -135.574417, -1026.96167, -0.928567886, 9.83784361e-08, 0.371162564, 1.22746741e-07, 1, 4.20307664e-08, -0.371162564, 8.45874197e-08, -0.928567886),
    ["Ancient Jungle"] = CFrame.new(1275.54553, 7.85804176, -193.749756, 0.924119413, 5.65956171e-08, -0.382103801, -3.36512187e-08, 1, 6.67302302e-08, 0.382103801, -4.88084417e-08, 0.924119413),
    ["Underground Cellar Door"] = CFrame.new(1954.18994, -41.7413597, -577.574768, -0.817980289, 0.573604001, 0.0434255376, 0.572797239, 0.81913203, -0.0304316022, -0.0530269668, -1.84206292e-05, -0.998593211),
    ["Underground Cellar"] = CFrame.new(2120.27417, -93.1985779, -701.552185, -0.998591185, 0, 0.0530693457, 0, 1, 0, -0.0530693457, 0, -0.998591185),
    ["Temple Guardian"] = CFrame.new(1478.29846, 126.044891, -613.519653, -0.117893577, 0, 0.993026376, 0, 1, 0, -0.993026376, 0, -0.117893577),
    ["Mysterious Door"] = CFrame.new(1899.19629, 13.3589745, -577.593811, -0.0531117916, 0, -0.998588562, 0, 1, 0, 0.998588562, 0, -0.0531117916),
    ["Hourglass Diamond Artifact"] = CFrame.new(1485.66541, 5.41373634, -861.165161, -5.01871109e-05, 0.988927424, 0.148400292, -1, -5.01871109e-05, -3.74019146e-06, 3.74019146e-06, -0.148400292, 0.988927364),
    ["Arrow Artifact"] = CFrame.new(898.490479, 5.41373587, -361.212708, 9.11951065e-06, 0.0998446345, -0.994003104, -1, 9.11951065e-06, -8.2552433e-06, 8.2552433e-06, 0.994003104, 0.0998445749),
    ["Crescent Artifact"] = CFrame.new(1419.39148, 28.1637344, 79.5802917, 3.55243683e-05, -0.332731277, -0.943021655, -1, -3.55243683e-05, -2.51233578e-05, -2.51233578e-05, 0.943021655, -0.332731247),
    ["Diamond Artifact"] = CFrame.new(1818.72156, 5.41373634, -285.160828, -1.15633011e-05, -0.192806393, 0.981236815, -1, 1.15633011e-05, -9.53674316e-06, -9.53674316e-06, -0.981236815, -0.192806482),
    ["Sacred Temple"] = CFrame.new(1478.09546, 0.0774269104, -612.817993, 0.993017375, 0, 0.117968373, 0, 1, 0, -0.117968373, 0, 0.993017375),
    ["Crystalline Passage"] = CFrame.new(6053.09717, -538.900085, 4391.29102, -0.993590963, -1.39414302e-08, 0.10982503, 1.7823354e-10, 1, -7.10982503, 1.27797193e-07, -0.10982503, -0.993590963),
    ["Ancient Ruin"] = CFrame.new(6130.33203, -584.05603, 4632.95166, -0.171970293, -9.77156915e-08, 0.985102117, -7.319955083e-08, 1, 8.64156533e-08, -0.985102117, -5.722441259e-08, -0.171970293),
    ["Christmas Cave"] = CFrame.new(395.304199, -580.135071, 8901.16113, -0.0874395818, -1.4548089e-08, -0.996169806, 3.18401732e-08, 1, -1.73988202e-08, 0.996169806, -3.32395658e-08, -0.0874395818),
    ["Iron Cavern"] = CFrame.new(-8802.55762, -583.800049, 94.9271545, 0.539917707, 4.95349006e-08, -0.84171778, 2.88506321e-08, 1, 7.7355935e-08, 0.84171778, -6.60499282e-08, 0.539917707),
    ["Iron Cafe"] = CFrame.new(-8641.91016, -547.400183, 161.963455, -0.0101819877, -4.55452422e-08, -0.999948144, 1.64972356e-08, 1, -4.57155878e-08, 0.999948144, -1.69618559e-08, -0.0101819877),
    ["Christmas Island"] = CFrame.new(843.041687, 26.0803814, 1566.52734, 0.00453743944, -9.89134179e-08, -0.999989688, -5.82183262e-08, 1, -9.91785996e-08, 0.999989688, 5.86677444e-08, 0.00453743944),
    },

    -- ==================[Save Posisi] ==================
    rootFolder = "SavedPositions",
    folder = nil,

    SavedPositions = {},
    options = {},

    selectedSlot = nil,
    customSlotName = "",
    teleportEnabled = false,

    LocalPlayer = game.Players.LocalPlayer,
    char = nil,
    hrp = nil,

    SaveInput = nil,
    SaveDropdown = nil,
    SaveButton = nil,
    DeleteButton = nil,
    RefreshButton = nil,

    bv = nil,
    bg = nil,

    -- ================== [Auto Unclock Ancient Ruin] ==================
    AutoUnlock = false,

    FishList = {
        "Goliath Tiger",
        "Crocodile",
        "Freshwater Piranha",
        "Sacred Guardian Squid"
    },

    -- ================== [Auto Unlock Iron Cafe] ==================
    AutoIronCafe = false,
    TaskIronCafe = nil,

    GuppyList = {
        "Builderman Guppy",
        "Shedletsky Guppy",
        "BFulleyes Guppy",
        "Guest Guppy"
    },

    connection = nil, -- connection event

    Services = {
        TweenService = game:GetService("TweenService"),
        UIS = game:GetService("UserInputService"),
        CoreGui = game:GetService("CoreGui")
    },

    -- ================== [Accses All Boat] ==================

    Services = {
        Players = game:GetService("Players")
    },

    WorkspaceData = {
        Vehicles = workspace:WaitForChild("Vehicles")
    },

    Player = nil,

    AccessAllBoats = false,
    VehicleConnection = nil,

    OriginalOwners = {},

    -- ================== [Spawn Boat] ==================

    RS = game:GetService("ReplicatedStorage"),

    SpawnBoat = nil,

    SpawnBoatOptions = {},
    SelectedSpawnBoatID = nil,


    StageList = {
        ["rbxassetid://112089909495700"] = "Hourglass Diamond Artifact", -- Stage 1
        ["rbxassetid://108196402536011"] = "Arrow Artifact",             -- Stage 2
        ["rbxassetid://140438616753774"] = "Crescent Artifact",          -- Stage 3
        ["rbxassetid://122936451238995"] = "Diamond Artifact",           -- Stage 4
    },

    Jungle = workspace:WaitForChild("JUNGLE INTERACTIONS"),

    -- ================== [Lochness Status] ==================

    Workspace = workspace,

    CountdownLabel = nil,
    CountdownParagraph = nil,

    UpdateDelay = 1,

    -- ================== [Lochness Teleport] ==================

    Players = game:GetService("Players"),
    Workspace = workspace,

    LocalPlayer = nil,
    TimerLabel = nil,

    TargetCFrame = CFrame.new(
        6089.81396, -585.924194, 4637.24023,
        -0.800617278, 5.49377476e-08, 0.599176049,
        6.29061105e-08, 1, -7.63340946e-09,
        -0.599176049, 3.15803952e-08, -0.800617278
    ),

    AutoLochEnabled = false,
    SavedCFrame = nil,
    Teleporting = false,

    LoopDelay = 1,

    -- ================== [Totems] ==================

    ReplicatedStorage = game:GetService("ReplicatedStorage"),
    Client = nil,
    Data = nil,

    SpawnTotemRE = nil,

    TotemMap = {
        ["Luck Totem"] = 1,
        ["Mutation Totem"] = 2,
        ["Shiny Totem"] = 3,
    },

    SelectedTotemId = nil,
    SpawnToggle = false,

    -- ================== [Range Totem] ==================

    Players = game:GetService("Players"),

    LocalPlayer = nil,
    Totems = workspace:WaitForChild("Totems"),

    ShowTotemRange = false,

    RangeColor = Color3.fromRGB(255, 0, 0),
    RangeAlpha = 0.5,

    -- ================== [Blatant V1] ==================

    SVC = {
        RS = game:GetService("ReplicatedStorage")
    },

    net = nil,
    RF = {},
    RE = {},

    cutsceneController = nil,
    originalPlay = nil,
    originalStop = nil,

    EnableSkip = nil,
    Fastest = nil,
    startBlatantV2 = nil,

    -- ================== [Blatant V2] ==================

    ReplicatedStoragev16 = game:GetService("ReplicatedStorage"),

    Netv16 = {},

    UltraBlatant = {
        Active = false,
        Settings = {
            CompleteDelay = 0.73,
            CancelDelay = 0.3,
            ReCastDelay = 0.001
        }
    },

    FishingState = {
        lastCompleteTime = 0,
        completeCooldown = 0.4
    },

    LastEventTime = 0,
    -- ================== [SKip Rraity] ==================

    Players = game:GetService("Players"),
    RS = game:GetService("ReplicatedStorage"),

    player = nil,

    net = nil,
    RF_CancelFishing = nil,
    RE_TextEffect = nil,

    RARITY_COLORS = {
        Common   = {1, 0.980392, 0.964706},
        Uncommon = {0.764706, 1, 0.333333},
        Rare     = {0.333333, 0.635294, 1},
        Epic     = {0.678431, 0.309804, 1},
    },

    lastProcessed = {},
    COOLDOWN = 1,

    -- ================== [Fish Caught] ==================

    ReplicatedStorage = game:GetService("ReplicatedStorage"),
    REFishCaught = nil,
    FishCount = 0,
    FishCountParagraph = nil,

    -- ================== [Image Botton] ==================

    TweenService = game:GetService("TweenService"),
    UIS = game:GetService("UserInputService"),
    CoreGui = game:GetService("CoreGui"),

    ScreenGui = nil,
    ToggleFrame = nil,
    ToggleBtn = nil,

    Corner = nil,
    Gradient = nil,
    Glow = nil,
    Stroke = nil,

    Dragging = false,

    -- ================== [Walkspeed, Jump Power, Gravity] ==================

    Player = nil,
    char = nil,
    hum = nil,

    WalkspeedEnabled = false,
    WalkspeedValue = 16,

    JumpEnabled = false,
    JumpValue = 50,

    GravityEnabled = false,
    GravityValue = 196.2,

    -- ================== [Infinite Zoom] ==================

    player = game:GetService("Players").LocalPlayer,
    infiniteZoomEnabled = false,

    -- ================== [Walk On Water] ==================

    Players = game:GetService("Players"),
    RunService = game:GetService("RunService"),

    -- Player data
    player = game:GetService("Players").LocalPlayer,
    character = nil,
    hrp = nil,

    -- Water settings
    waterHeight = -1.8,

    -- Runtime objects
    waterPlatform = nil,
    connection = nil,

    -- ================== [Remove VFX] ==================

    RS = game:GetService("ReplicatedStorage"),
    RunService = game:GetService("RunService"),

    -- VFX Folder
    waterVFXFolder = nil,

    -- Stored VFX Clones
    storedVFX = {},

    -- Connections
    childAddedConn = nil,

    -- ================== [Anti AFK Time] ==================

    UserInputService = game:GetService("UserInputService"),

    intervalMinutes = 15,
    showSeconds = 10,

    lastInput = tick(),

    AntiAFKParagraph = nil,

    runtime = {
        totalSeconds = 0,
        minutes = 0,
        seconds = 0,
    },

    connections = {
        began = nil,
        changed = nil,
        ended = nil,
    },

    -- ================== [Teleport Service & Server Job Id] ==================

    TeleportService = game:GetService("TeleportService"),
    Players = game:GetService("Players"),
    HttpService = game:GetService("HttpService"),

    LocalPlayer = game:GetService("Players").LocalPlayer,
    PlaceId = game.PlaceId,
    TargetJobId = "",
    JobIdParagraph = nil,

    -- ================== [Hide Quest] ==================
    
    Players = game:GetService("Players"),
    Player = nil,

    PlayerGui = nil,
    QuestGui = nil,
    QuestList = nil,

    -- ================== [Boost FPS] ==================

	Servicesv8 = {
		Playersv8 = game:GetService("Players"),
		Lightingv8 = game:GetService("Lighting"),
		RunServicev8 = game:GetService("RunService"),
	},

	Terrainv8 = workspace:FindFirstChildOfClass("Terrain"),

	Playerv8 = game:GetService("Players").LocalPlayer,

	BoostEnabledv8 = false,
	Connectionsv8 = {},

	GRAYv8 = Color3.fromRGB(135,135,135),


    -- ================== [Anti Afk Toggle] ==================

    VIM = game:GetService("VirtualInputManager"),

    AntiAfkRunning = false,
    AntiAfkThread = nil,


    -- ================== [FishCaught Animation] ==================

    Services099 = {
        ReplicatedStorage099 = game:GetService("ReplicatedStorage"),
        Players099 = game:GetService("Players"),
    },

    Player099 = nil,
    REFishCaught099 = nil,

    AnimationController099 = nil,
    OldPlayAnimation099 = nil,

    AnimationsFolder099 = nil,
    AnimationList099 = {},
    AnimationMap099 = {},
    SelectedAnimationId099 = nil,

    AnimationEnabled099 = false,
    AnimDisabled099 = false,
    CurrentTrack099 = nil,

    Character099 = nil,
    Humanoid099 = nil,
    Animator099 = nil,
    AnimationInstance099 = nil,

    -- ================== [Auto Reconnect] ==================             

    Services = {
        Players = game:GetService("Players"),
        TeleportService = game:GetService("TeleportService"),
        GuiService = game:GetService("GuiService"),
    },

    Player = nil,
    PlaceId = game.PlaceId,

    AutoReconnect = false,

    Connections = {},

    -- ================== [Christmas Presents] ==================

    Servicesv2 = {
        ReplicatedStoragev2 = game:GetService("ReplicatedStorage"),
    },

    Packagesv2 = nil,
    Indexv2 = nil,
    NetPackagev2 = nil,
    Netv2 = nil,
    Remotev2 = nil,
    NpcFolderv2 = nil,

    AutoChristmasv2 = false,
    AutoThreadv2 = nil,

    -- ================== [Christmas Doors] ==================

    Servicesv1 = {
        ReplicatedStoragev1 = game:GetService("ReplicatedStorage"),
        Workspacev1 = game:GetService("Workspace"),
    },

    ChristmasDoorsv1 = nil,

    Packagesv1 = nil,
    Indexv1 = nil,
    NetPackagev1 = nil,
    Netv1 = nil,
    NetEventv1 = nil,

    AutoPresentChristmasDoorv1 = false,
    AutoThreadv1 = nil,

    -- ================== [Costumisasi Player] ==================

    Servicesv3 = {
        Playersv3 = game:GetService("Players"),
    },

    LocalPlayerv3 = nil,

    CustomNamev3 = "",
    CustomLevelv3 = "",
    OverheadEnabledv3 = false,

    Characterv3 = nil,
    HRPv3 = nil,
    Overheadv3 = nil,
    Contentv3 = nil,
    Headerv3 = nil,
    LevelContainerv3 = nil,
    LevelLabelv3 = nil,

    GetSuccessv3 = false,

    -- ================== [Auto Sell] ==================

    Servicesv4 = {
        ReplicatedStoragev4 = game:GetService("ReplicatedStorage"),
        Playersv4 = game:GetService("Players"),
    },

    Playerv4 = nil,

    SellRemotev4 = nil,
    FishCaughtRemotev4 = nil,

    AutoSellv4 = false,
    SellDelayv4 = 2,
    Modev4 = "Sell Delay",
    AutoSellLoopv4 = nil,

    SellCountTargetv4 = 18,
    FishCountv4 = 0,

    -- ================== [Report Bug] ==================

    Servicesv5 = {
        Playersv5 = game:GetService("Players"),
        TweenServicev5 = game:GetService("TweenService"),
        HttpServicev5 = game:GetService("HttpService"),
    },

    Playerv5 = game:GetService("Players").LocalPlayer,
    Camerav5 = workspace.CurrentCamera,

    Requestv5 = (syn and syn.request) or http_request or (fluxus and fluxus.request) or (krnl and request),

    DiscordWebhookv5 = "https://discord.com/api/webhooks/1421786317322457088/b6Xj6NHry0-wv-zKV8WftRQ9cgAGBZ6gAG1JsI7GfqFv50v1F25QFoSSNEgyXLQTN110",
    BugReportTextv5 = "",
    StrikeLimitv5 = 3,
    CooldownTimev5 = 15,
    Strikesv5 = 0,
    LastSubmitv5 = 0,
    Blockedv5 = false,

    ShakeIntensityv5 = 0.12,
    ShakeCountv5 = 10,
    ShakeDelayv5 = 0.025,

    BannedWordsv5 = {
        "anjing","bangsat","kontol","memek","ngentot",
        "tolol","goblok","asu",
        "fuck","shit","bitch","asshole","dick","pussy"
    },

    -- ================== [Auto Event Christmas Cave] ==================

    Servicesv6 = {
        Playersv6 = game:GetService("Players"),
    },

    Playerv6 = game:GetService("Players").LocalPlayer,
    Characterv6 = nil,
    HRPv6 = nil,
    NewCharacterv6 = nil,
    NewHRPv6 = nil,

    EventHoursv6 = {
        [1]=true,[3]=true,[5]=true,[7]=true,[9]=true,
        [11]=true,[13]=true,[15]=true,[17]=true,
        [19]=true,[21]=true,[23]=true
    },

    EventCFramev6 = CFrame.new(
        565.414368, -503.543457, 8881.04492,
        0.997363448, -1.51150346e-08, 0.0725680739,
        1.49435646e-08, 1, 2.90581958e-09,
        -0.0725680739, -1.81373261e-09, 0.997363448
    ),

    AutoEventEnabledv6 = false,
    Teleportedv6 = false,
    KeepTeleportingv6 = false,
    EventEndTimev6 = 0,
    OriginalCFramev6 = CFrame.new(),

    TimeNowv6 = 0,
    TimeTablev6 = {},

   -- ================== [Auto Join Event] ==================

    -- SERVICES
    Services = {
        Players = game:GetService("Players"),
        RunService = game:GetService("RunService"),
    },

    -- PLAYER / CHARACTER
    Player = game:GetService("Players").LocalPlayer,
    Character = nil,
    HRP = nil,

    -- EVENT HUB
    EventHub = {
        ["Megalodon Hunt"] = "Megalodon Hunt",
        ["Worm Hunt"] = "Model",
        ["Shark Hunt"] = "Shark Hunt",
        ["Ghost Shark Hunt"] = "Ghost Shark Hunt"
    },

    -- STATE
    AutoJoinEvent = false,
    SelectedEvents = {},

    WatchingEvent = nil,
    SavedCFrame = CFrame.new(),
    CurrentPlatform = nil,
    PlatformCFrame = CFrame.new(),
    ProtectConnection = nil,

    -- UI CACHE
    EventOptions = {},

   -- ================== [Drone Camera] ==================

	Services = {
		Players = game:GetService("Players"),
		UIS = game:GetService("UserInputService"),
		RunService = game:GetService("RunService"),
	},

	Player = game:GetService("Players").LocalPlayer,
	Camera = workspace.CurrentCamera,

	Drone = false,
	Speed = 1.4,
	Sensitivity = 0.3,

	Yaw = 0,
	Pitch = 0,
	MoveForward = 0,
	MoveRight = 0,

	GUI = nil,
	LeftFrame = nil,

	Buttons = {
		Forward = nil,
		Back = nil,
		Left = nil,
		Right = nil,
	},

   -- ================== [Ping Panel] ==================

    Servicesv7 = {
        Playersv7 = game:GetService("Players"),
        Statsv7 = game:GetService("Stats"),
        RunServicev7 = game:GetService("RunService"),
        TweenServicev7 = game:GetService("TweenService"),
        UISv7 = game:GetService("UserInputService"),
    },

    Playerv7 = game:GetService("Players").LocalPlayer,

    Guiv7 = nil,
    MainFramev7 = nil,

    PingTextv7 = nil,
    CpuTextv7 = nil,
    FpsTextv7 = nil,

    UpdateConnectionv7 = nil,

    -- Dragging state
    Draggingv7 = false,
    DragInputv7 = nil,
    DragStartv7 = nil,
    StartPosv7 = nil,

    -- FPS helper values
    _lastTickv7 = 0,
    _frameCountv7 = 0,
    _fpsv7 = 0,

    -- CPU MS value
    CPU_MSv7 = 0,
	--================ Botton Cancle ===============

	Servicesv9 = {
		ReplicatedStoragev9 = game:GetService("ReplicatedStorage"),
	},
	CancelFishingv9 = nil,

	--================ Teleport Player List ===============

    Servicesv12 = {
        Playersv12 = game:GetService("Players")
    },

    LocalPlayerv12 = nil,

    SelectedPlayerUsernamev12 = nil,
    PlayerDropdownv12 = nil,

    PlayerListv12 = {},
    AtPosv12 = nil,
    TargetPlayerv12 = nil,
    CurrentValuev12 = nil,
    NewValuesv12 = {},

	--================ Wind Ui Title Gradiant ===============

    RunServicev14 = game:GetService("RunService"),
    CoreGuiv14 = game:GetService("CoreGui"),

    Titlev14 = nil,
    Errv14 = nil,

    RootUIv14 = nil,
    WindUIv14 = nil,
    Pathv14 = nil,

    GetTitleFuncv14 = nil,

    UIGradientv14 = nil,
    GradientSpeedv14 = 35,

	--================ Translate Note Info ===============

    Players = game:GetService("Players"),

    Player = nil,
    Locale = nil,

    Translations = {
        ["en-us"] = {
            Title = "Note:",
            Desc = "For Quests 5 and 6, you are on your own."
        },
        ["id-id"] = {
            Title = "Catatan:",
            Desc = "Untuk Quest 5 dan 6, kamu harus menyelesaikannya sendiri."
        },
        ["ja-jp"] = {
            Title = "注意:",
            Desc = "クエスト5と6は自分でやってください。"
        }
    },

    -- UI
    Paragraph = nil,

    -- TEMP VARS
    Translation = nil,

	--================ Perfect Fishing ===============

    -- Services
    Players = game:GetService("Players"),
    ReplicatedStorage = game:GetService("ReplicatedStorage"),
    Camera = workspace.CurrentCamera,

    -- Player
    LocalPlayer = nil,

    -- Net
    Net = nil,

    -- Remotes
    RFRequestFishingMinigameStarted = nil,
    REReplicateTextEffect = nil,
    REFishingCompleted = nil,
    REPlayFishingEffect = nil,
    RFCancelFishingInputs = nil,

    -- State
    AutoFishing = false,
    CompletedDelay = 1.5,

    BaseLuckLabel = nil,
    BaseLuckX2 = false,
    FiredMinigame = false,

    -- Modules
    FishingModule = nil,
    ChargeModule = nil,

	--================ Auto Enchant ===============

    ReplicatedStoragev18 = game:GetService("ReplicatedStorage"),
    Playersv18 = game:GetService("Players"),
    HttpServicev18 = game:GetService("HttpService"),
    Playerv18 = game:GetService("Players").LocalPlayer,
    Netv18 = require(game:GetService("ReplicatedStorage").Packages.Net),
    RollEnchantREv18 = nil,
    ActivateAltarREv18 = nil,
    Replionv18 = require(game:GetService("ReplicatedStorage").Packages.Replion),
    Datav18 = nil,
    ItemUtilityv18 = require(game:GetService("ReplicatedStorage").Shared.ItemUtility),
    Enchantsv18 = require(game:GetService("ReplicatedStorage"):WaitForChild("Enchants")),
    ALL_ENCHANT_NAMESv18 = {},
    AUTO_ENCHANTv18 = false,
    DELAYv18 = 0.15,
    TARGET_ENCHANTSv18 = {},

	--================ Auto Favorite Fish ===============

    ReplicatedStoragev17 = game:GetService("ReplicatedStorage"),
    HttpServicev17 = game:GetService("HttpService"),
    Netv17 = nil,
    ReplionClientv17 = nil,
    ItemUtilityv17 = nil,
    DataReplionv17 = nil,
    FavoriteRemotev17 = nil,
    RATE = 0.06,
    LOOP_DELAY = 1,
    state = {
        selectedFish = {},
        autoFavorite = false,
        autoUnfavorite = false,
        stopFavorite = false,
        stopUnfavorite = false,
    },
    FishNameList = {},
    FishMap = {},
    ItemsFolderv17 = nil,
}

local Window = WindUI:CreateWindow({
    Title = "NexaHub | Fish It!",
    Author = "by Han",
    Folder = "NexaHub Wind UIV2",
    Icon = "rbxassetid://123906607434048",
    NewElements = true,
    Transparent = true, 
    HideSearchBar = false,
    
    OpenButton = {
        Title = "Open .ftgs hub UI", -- can be changed
        CornerRadius = UDim.new(1,0), -- fully rounded
        StrokeThickness = 3, -- removing outline
        Enabled = false, -- enable or disable openbutton
        Draggable = true,
        OnlyMobile = false,
        
        Color = ColorSequence.new( -- gradient
            Color3.fromHex("#30FF6A"), 
            Color3.fromHex("#e7ff2f")
        )
    },
    Topbar = {
        Height = 44,
        ButtonsType = "Mac", -- Default or Mac
    }
})


Window:Tag({
    Title = "v0.0.7",
    Icon = "rocket",
    Color = Color3.fromHex("#1c1c1c"),
    Border = true,
})

Window:Tag({
    Title = "Freemium",
    Icon = "star",
    Color = Color3.fromHex("#1c1c1c"),
    Border = true,
})


local Tabs = {
    Home = Window:Tab({ Title = "Home", Icon = "circle-fading-plus" }),
    Main = Window:Tab({ Title = "Main", Icon = "house" }),
    Backpack = Window:Tab({ Title = "Backpack", Icon = "backpack" }),
    Event = Window:Tab({ Title = "Event", Icon = "calendar" }),
    Quest = Window:Tab({ Title = "Quest", Icon = "scroll-text" }),
    Trading = Window:Tab({ Title = "Trading", Icon = "handshake" }),
    Shop = Window:Tab({ Title = "Shop", Icon = "shopping-cart" }),
    Boat = Window:Tab({ Title = "Boat", Icon = "sailboat" }),
    Tp = Window:Tab({ Title = "Teleport", Icon = "map-pin" }),
    Player = Window:Tab({ Title = "Player", Icon = "user" }),
    Config = Window:Tab({ Title = "Config", Icon = "folder" }),
}

local Sec = {}

local ConfigManager = Window.ConfigManager
local ConfigName = "default"

Sec.Home1 = Tabs.Home:Section({
    Title = "Update Log",
    Box = true,
    BoxBorder = true,
    Opened = true,
})

	--================ UPDATE LIST ===============

Sec.Home1:Paragraph({
    Title = "Update List",
    Desc = [[
[/] Change Ui
[+] Show Network Stats (Real Ping)
[+] Auto Quest Diamond Rod
[+] Drone Camera
[+] Hide Gui Drone Camera
[+] New Tab Trading
[+] Added Auto Favorite Fish
[+] Added Auto Christmas Presents
[+] Added Auto Present Christmas Door
[+] Added Animation Fishing Fish Cought
[+] Added Custom Neme & Level
[+] Added Auto Sell By Count
[/] Fixed Auto Enchant
[/] Moved Auto Favorite to Main tab
[/] Renamed Fishing tab to Main
[/] Improve Boost Fps
[/] Improve Auto Trade
[-] Delete Auto Enchant (Want to fix it)
[-] Delete Tab Automatic
]],
    Locked = false
})

Sec.Home2 = Tabs.Home:Section({
    Title = "Reward",
    Box = true,
    BoxBorder = true,
})

	--================ REDEM ALL CODE ===============

local ReplicatedStorage = game:GetService("ReplicatedStorage")

local NetFolder = ReplicatedStorage:WaitForChild("Packages")
    :WaitForChild("_Index")
    :WaitForChild("sleitnick_net@0.2.0")
    :WaitForChild("net")

local RedeemRF = NetFolder:WaitForChild("RF/RedeemCode")

Sec.Home2:Button({
    Title = "Redeem All Codes",
    Locked = false,

    Callback = function()
        WindUI:Notify({
            Title = "Redeem",
            Content = "Redeeming all codes...",
            Duration = 3,
            Icon = "loader"
        })

        for _, code in ipairs(GameData.Codes) do
            task.wait(1)

            local success = pcall(function()
                RedeemRF:InvokeServer(code)
            end)

            if success then
                WindUI:Notify({
                    Title = "Success",
                    Content = "Redeemed: " .. code,
                    Duration = 3,
                    Icon = "check"
                })
            else
                WindUI:Notify({
                    Title = "Failed",
                    Content = "Failed redeem: " .. code,
                    Duration = 3,
                    Icon = "x"
                })
            end
        end

        WindUI:Notify({
            Title = "Done",
            Content = "All redeem codes processed.",
            Duration = 4,
            Icon = "flag"
        })
    end
})

Sec.Home2:Button({
    Title = "Auto Claim Event Reward",
    Desc = "Automatically claim all event rewards",
    Locked = false,

    Callback = function()
        local ReplicatedStorage = game:GetService("ReplicatedStorage")

        local remote = ReplicatedStorage
            :WaitForChild("Packages")
            :WaitForChild("_Index")
            :WaitForChild("sleitnick_net@0.2.0")
            :WaitForChild("net")
            :WaitForChild("RE/ClaimEventReward")

        for i = 1, 15 do
            remote:FireServer(i)
            task.wait(1) -- safe delay
        end

        WindUI:Notify({
            Title = "Event Reward",
            Content = "All event rewards claimed",
            Duration = 3,
            Icon = "gift"
        })
    end
})

function GameData:GetRemotev2()
    self.Packagesv2 = self.Servicesv2.ReplicatedStoragev2:FindFirstChild("Packages")
    if not self.Packagesv2 then return end

    self.Indexv2 = self.Packagesv2:FindFirstChild("_Index")
    if not self.Indexv2 then return end

    self.NetPackagev2 = self.Indexv2:FindFirstChild("sleitnick_net@0.2.0")
    if not self.NetPackagev2 then return end

    self.Netv2 = self.NetPackagev2:FindFirstChild("net")
    if not self.Netv2 then return end

    self.Remotev2 = self.Netv2:FindFirstChild("RF/SpecialDialogueEvent")
    return self.Remotev2
end

function GameData:GetNpcFolderv2()
    self.NpcFolderv2 = self.Servicesv2.ReplicatedStoragev2:FindFirstChild("NPC")
    return self.NpcFolderv2
end

function GameData:StartAutoChristmassv2()
    if self.AutoThreadv2 then return end

    self.AutoThreadv2 = task.spawn(function()
        while self.AutoChristmasv2 do

            self:GetNpcFolderv2()
            self:GetRemotev2()

            if not self.NpcFolderv2 or not self.Remotev2 then
                task.wait(1)
            else
                for _, npc in ipairs(self.NpcFolderv2:GetChildren()) do
